823.619538661
920.672298661
1057.73120866
1114.75266866
1213.82107866
1350.87998866
1451.92766866
1608.02877866
1745.08768866
1901.18879866
2030.23138866
2177.29979866
2314.35870866
2470.45981866
2583.54387866
2696.62793866
2793.68069866
2924.72118866
3039.74812866
3153.79105866
3284.83154866
3447.89487866
3575.98983866
3739.05316866
3842.06235866
3939.11511866
4095.21622866
4209.25915866
4338.30174866
4466.39670866
4563.44946866
4691.50804866
4790.57645866
4937.64486866
5040.65405866
5153.73811866
5254.78579866
5311.80725866
5424.89131866
5537.97537866
5639.02305866
5738.09146866
5853.11840866
5940.15043866
6077.20934866
6176.27775866
6289.36181866
6420.40230866
6548.49726866
6679.53775866
6792.62181866
6920.71677866
7017.76953866
7154.82844866
7301.89685866
7398.94961866
7527.00819866
7614.04022866
7727.12428866
7814.15631866
7928.19924866
8042.24217866
8155.32623866
8212.34769866
8325.43175866
8428.44094866
8557.48353866
8660.49272866
8823.55605866
8880.57751866
8937.59897866
9040.60816866
9168.66674866
9281.75080866
9382.79848866
9481.86689866
9618.92580866
9715.97856866
9813.03132866
9969.13243866
10116.2008487
10187.2379587
10284.2907187
10397.3747787
10528.4152687
10625.4680287
10772.5364387
10875.5456287
10932.5670887
11047.5940287
11144.6467887
11259.6737287
11372.7577887
